! Main indata file for fdmnes
! Calculation on Pd55 cuboctahedron using the multiple scattering approach with convolution.

 Filout
  Sim/Test_stand/out/Pd55

 Range
   -2. 0.2  3. 0.5 10. 1. 20. 2. 60. 4. 80. 5. 120.

 Radius
   8.0

 Green
 Relativism

 Edge
  K

 Rmtg
  1.7

 Molecule
       1          1          1          90 90 90

 46     0.000000  1.945000  1.945000
 46     1.945000  0.000000  1.945000
 46     1.945000  1.945000  0.000000   
 46     0.000000  0.000000  3.890000 
 46     0.000000  1.945000  5.835000
 46     1.945000  0.000000  5.835000
 46     1.945000  1.945000  3.890000 
 46     1.945000  1.945000  7.780000 
 46     0.000000  3.890000  0.000000   
 46     0.000000  5.835000  1.945000
 46     1.945000  3.890000  1.945000
 46     1.945000  5.835000  0.000000   
 46     0.000000  3.890000  3.890000 
 46     0.000000  5.835000  5.835000
 46     1.945000  3.890000  5.835000
 46     1.945000  5.835000  3.890000 
 46     0.000000  3.890000  7.780000 
 46     1.945000  5.835000  7.780000 
 46     1.945000  7.780000  1.945000
 46     0.000000  7.780000  3.890000 
 46     1.945000  7.780000  5.835000
 46     3.890000  0.000000  0.000000   
 46     3.890000  1.945000  1.945000
 46     5.835000  0.000000  1.945000
 46     5.835000  1.945000  0.000000   
 46     3.890000  0.000000  3.890000 
 46     3.890000  1.945000  5.835000
 46     5.835000  0.000000  5.835000
 46     5.835000  1.945000  3.890000 
 46     3.890000  0.000000  7.780000 
 46     5.835000  1.945000  7.780000 
 46     3.890000  3.890000  0.000000   
 46     3.890000  5.835000  1.945000
 46     5.835000  3.890000  1.945000
 46     5.835000  5.835000  0.000000   
 46     3.890000  3.890000  3.890000 
 46     3.890000  5.835000  5.835000
 46     5.835000  3.890000  5.835000
 46     5.835000  5.835000  3.890000 
 46     3.890000  3.890000  7.780000 
 46     5.835000  5.835000  7.780000 
 46     3.890000  7.780000  0.000000   
 46     5.835000  7.780000  1.945000
 46     3.890000  7.780000  3.890000 
 46     5.835000  7.780000  5.835000
 46     3.890000  7.780000  7.780000 
 46     7.780000  1.945000  1.945000
 46     7.780000  0.000000  3.890000 
 46     7.780000  1.945000  5.835000
 46     7.780000  3.890000  0.000000   
 46     7.780000  5.835000  1.945000
 46     7.780000  3.890000  3.890000 
 46     7.780000  5.835000  5.835000
 46     7.780000  3.890000  7.780000 
 46     7.780000  7.780000  3.890000 

! keywords for the convolution
 Convolution

 Estart
   -20
 
 End

