! Fdmnes indata file
! Calculation for the Cu5O3 K-edge on nanocrystalline diamond
! FDM with convolution

 Filout
   XANES/out/cu5o3-diamond-1/fdm/cu5o3

 Range                        ! Energy range of calculation (eV)
 -1. 0.2  5. 0.5 40. 1. 90.   ! first energy, step, intermediary energy, step ..., last energy

 Radius                       ! Radius of the cluster where final state calculation is performed
   8.0                        ! For a good calculation, this radius must be increased up to 6 or 7 Angstroems

 R_self                       ! radius for scf and/or Fermi E evaluation
   4.0


 Molecule                                           ! Periodic material description (unit cell)
     1.0  1.0  1.0  90. 90. 90.                     ! a, b, c, (Angstroem) alpha, beta, gamma (degree)

   29        1.46579       -4.86565        3.43338       
   29       -1.06514       -5.12192        3.46061       
   29       -0.38730       -3.60725        5.71116       
   29       -1.37033       -1.44903        4.77492       
   29       -0.11063       -2.98374        3.35522       
    6       -6.86555       -6.76042       -1.82215       
    6       -6.86555       -3.19363       -1.82215       
    6       -6.86555        0.37316       -1.82215       
    6       -6.86555        3.93995       -1.82215       
    6       -5.08215       -4.97702       -1.82215       
    6       -5.08215       -1.41023       -1.82215       
    6       -5.08215        2.15656       -1.82215       
    6       -5.08215        5.72335       -1.82215       
    6       -3.29876       -6.76042       -1.82215       
    6       -3.29876       -3.19363       -1.82215       
    6       -3.29876        0.37316       -1.82215       
    6       -3.29876        3.93995       -1.82215       
    6       -1.51536       -4.97702       -1.82215       
    6       -1.51536       -1.41023       -1.82215       
    6       -1.51536        2.15656       -1.82215       
    6       -1.51536        5.72335       -1.82215       
    6        0.26803       -6.76042       -1.82215       
    6        0.26803       -3.19363       -1.82215       
    6        0.26803        0.37316       -1.82215       
    6        0.26803        3.93995       -1.82215       
    6        2.05143       -4.97702       -1.82215       
    6        2.05143       -1.41023       -1.82215       
    6        2.05143        2.15656       -1.82215       
    6        2.05143        5.72335       -1.82215       
    6        3.83482       -6.76042       -1.82215       
    6        3.83482       -3.19363       -1.82215       
    6        3.83482        0.37316       -1.82215       
    6        3.83482        3.93995       -1.82215       
    6        5.61822       -4.97702       -1.82215       
    6        5.61822       -1.41023       -1.82215       
    6        5.61822        2.15656       -1.82215       
    6        5.61822        5.72335       -1.82215       
    6       -5.97385       -5.86872       -1.03221       
    6       -5.97385       -2.30193       -1.03221       
    6       -5.97385        1.26486       -1.03221       
    6       -5.97385        4.83165       -1.03221       
    6       -4.19046       -4.08533       -1.03221       
    6       -4.19046       -0.51854       -1.03221       
    6       -4.19046        3.04825       -1.03221       
    6       -4.19046        6.61504       -1.03221       
    6       -2.40706       -5.86872       -1.03221       
    6       -2.40706       -2.30193       -1.03221       
    6       -2.40706        1.26486       -1.03221       
    6       -2.40706        4.83165       -1.03221       
    6       -0.62367       -4.08533       -1.03221       
    6       -0.62367       -0.51854       -1.03221       
    6       -0.62367        3.04825       -1.03221       
    6       -0.62367        6.61504       -1.03221       
    6        1.15973       -5.86872       -1.03221       
    6        1.15973       -2.30193       -1.03221       
    6        1.15973        1.26486       -1.03221       
    6        1.15973        4.83165       -1.03221       
    6        2.94312       -4.08533       -1.03221       
    6        2.94312       -0.51854       -1.03221       
    6        2.94312        3.04825       -1.03221       
    6        2.94312        6.61504       -1.03221       
    6        4.72652       -5.86872       -1.03221       
    6        4.72652       -2.30193       -1.03221       
    6        4.72652        1.26486       -1.03221       
    6        4.72652        4.83165       -1.03221       
    6        6.50991       -4.08533       -1.03221       
    6        6.50991       -0.51854       -1.03221       
    6        6.50991        3.04825       -1.03221       
    6        6.50991        6.61504       -1.03221       
    6        7.40127       -4.97630       -0.00544       
    6       -6.86513       -1.41058       -0.15593       
    6        7.40133        2.15582       -0.00656       
    6       -6.86566        5.72386       -0.15804       
    6       -5.08220       -6.75862       -0.00740       
    6       -5.08167       -3.19457       -0.15574       
    6       -5.08197        0.37173       -0.00549       
    6       -5.08236        3.93969       -0.15799       
    6       -3.29237       -4.97839       -0.14745       
    6       -3.29842       -1.41350       -0.00052       
    6       -3.29866        2.15550       -0.15687       
    6       -3.29792        5.72255       -0.00888       
    6       -1.51713       -6.75845       -0.15409       
    6       -1.51731       -3.19708        0.00058       
    6       -1.51279        0.37061       -0.15298       
    6       -1.51440        3.93826       -0.00771       
    6        0.26563       -4.97675        0.00388       
    6        0.27336       -1.40338       -0.16696       
    6        0.26847        2.15867       -0.00744       
    6        0.26767        5.72004       -0.16083       
    6        2.04872       -6.75701        0.00245       
    6        2.05377       -3.19331       -0.15834       
    6        2.05446        0.37724       -0.01066       
    6        2.05166        3.94020       -0.15650       
    6        3.82534       -4.97506       -0.14617       
    6        3.83674       -1.40942       -0.00862       
    6        3.83565        2.15722       -0.15652       
    6        3.83387        5.72425       -0.00625       
    6        5.61733       -6.75941       -0.15750       
    6        5.61741       -3.19497       -0.00486       
    6        5.61894        0.37333       -0.15645       
    6        5.61808        3.93974       -0.00680       
    6       -5.91533       -4.02858        0.81437       
    6       -6.03143       -0.57847        0.81555       
    6       -5.91541        3.10668        0.81407       
    6       -6.03271        6.55728        0.81297       
    6       -4.13258       -5.81424        0.81258       
    6       -4.24876       -2.36521        0.81709       
    6       -4.13046        1.32216        0.81580       
    6       -4.24889        4.77284        0.81266       
    6       -2.46052       -4.15419        0.84018       
    6       -2.34961       -0.45882        0.82335       
    6       -2.46493        2.98875        0.81410       
    6       -2.35283        6.67002        0.80904       
    6       -0.68990       -5.93079        0.82236       
    6       -0.56683       -2.23438        0.79257       
    6       -0.67826        1.20962        0.81467       
    6       -0.56641        4.88585        0.80993       
    6        1.22079       -4.02308        0.81504       
    6        1.10749       -0.56696        0.80587       
    6        1.21848        3.10704        0.81377       
    6        1.10009        6.54977        0.80669       
    6        2.98900       -5.80203        0.84080       
    6        2.89081       -2.35928        0.80901       
    6        3.00289        1.32424        0.81304       
    6        2.88451        4.77309        0.81468       
    6        4.66325       -4.14182        0.81810       
    6        4.78606       -0.46004        0.81338       
    6        4.66851        2.98996        0.81480       
    6        4.78359        6.67559        0.81443       
    6        6.44935       -5.92587        0.81471       
    6        6.56877       -2.24421        0.81458       
    6        6.45203        1.20615        0.81492       
    6        6.56844        4.89075        0.81380       
    6        7.08652        7.19303        1.62738       
    6       -6.54987       -2.87960        1.62890       
    6        7.08768        0.05780        1.62884       
    6       -6.55066        4.25516        1.62772       
    6       -4.76652       -4.66455        1.62802       
    6       -5.39510       -1.72688        1.63007       
    6       -4.76704        2.47106        1.62834       
    6       -5.39617        5.40937        1.62717       
    6       -2.99562       -6.46052        1.62780       
    6       -3.61708       -3.51326        1.63521       
    6       -2.98246        0.68917        1.63410       
    6       -3.61277        3.62570        1.62758       
    6       -1.82872       -5.30156        1.68985       
    6       -1.18800       -1.09347        1.64535       
    6       -1.82849        1.84233        1.63019       
    6       -1.20345        6.03192        1.61923       
    6       -0.04879        7.17257        1.61181       
    6        0.58914       -2.86071        1.58438       
    6       -0.03398        0.06875        1.61992       
    6        0.58245        4.25430        1.62711       
    6        2.34676       -4.65711        1.69569       
    6        1.74715       -1.71296        1.61337       
    6        2.36651        2.47127        1.62811       
    6        1.73582        5.40826        1.62633       
    6        4.14718       -6.44623        1.63196       
    6        3.52196       -3.49884        1.63540       
    6        4.14977        0.68749        1.62788       
    6        3.52020        3.62549        1.62861       
    6        5.30014       -5.29119        1.63016       
    6        5.93330       -1.09596        1.62843       
    6        5.30364        1.84174        1.62882       
    6        5.93195        6.03859        1.62707       
    1       -6.86555       -6.76042       -2.91061       
    1       -6.86555        3.93995       -2.91061       
    1       -6.86555       -3.19363       -2.91061       
    1       -6.86555        0.37316       -2.91061       
    1        3.83482       -6.76042       -2.91061       
    1        3.83482        3.93995       -2.91061       
    1        3.83482       -3.19363       -2.91061       
    1        3.83482        0.37316       -2.91061       
    1        5.61822        5.72335       -2.91061       
    1        5.61822       -4.97702       -2.91061       
    1        5.61822       -1.41023       -2.91061       
    1        5.61822        2.15656       -2.91061       
    1       -5.08215        5.72335       -2.91061       
    1       -5.08215       -4.97702       -2.91061       
    1       -5.08215       -1.41023       -2.91061       
    1       -5.08215        2.15656       -2.91061       
    1       -3.29876       -6.76042       -2.91061       
    1       -3.29876        3.93995       -2.91061       
    1       -3.29876       -3.19363       -2.91061       
    1       -3.29876        0.37316       -2.91061       
    1       -1.51536        5.72335       -2.91061       
    1       -1.51536       -4.97702       -2.91061       
    1       -1.51536       -1.41023       -2.91061       
    1       -1.51536        2.15656       -2.91061       
    1        0.26803       -6.76042       -2.91061       
    1        0.26803        3.93995       -2.91061       
    1        0.26803       -3.19363       -2.91061       
    1        0.26803        0.37316       -2.91061       
    1        2.05143        5.72335       -2.91061       
    1        2.05143       -4.97702       -2.91061       
    1        2.05143       -1.41023       -2.91061       
    1        2.05143        2.15656       -2.91061       
    1        5.60845        2.14654        2.64136       
    1       -5.07102       -4.97217        2.63950       
    1        5.62625       -1.40193        2.63938       
    1        7.39319        0.36237        2.64116       
    1       -1.50476        5.73413        2.63469       
    1        2.05226       -1.40879        2.62673       
    1       -3.32787        7.47487        2.62257       
    1       -1.52426        2.14456        2.64347       
    1       -5.07042        2.16683        2.64146       
    1        2.06035        2.16456        2.63933       
    1       -5.09043        5.71497        2.63878       
    1       -6.85557       -3.18564        2.64042       
    1        5.62707        5.73519        2.64001       
    1       -5.08407       -1.42463        2.64076       
    1        0.26541        7.45802        2.62845       
    1        2.03590        5.72346        2.63671       
    1       -3.30781        3.93132        2.63960       
    1        3.82443        3.93137        2.64085       
    1        0.25009        0.34654        2.64677       
    1        0.27622        3.95017        2.63907       
    1       -3.27779        0.38029        2.64633       
    1        3.84303       -6.74279        2.64671       
    1       -6.85511        3.95098        2.64072       
    1        7.39180        7.49758        2.63962       
    1        3.84287        0.38110        2.63893       
    1        3.84721       -3.16877        2.63274       
    1       -3.30040       -3.21012        2.64042       
    1        5.60359       -4.98696        2.64301       
    8       -1.53330       -1.56794        2.91894       
    8       -0.91839       -2.03415        6.38892       
    8        0.24147       -5.11266        4.86463       

! Convolution keyword : broadening with a width increasing versus energy as an arctangent

 Convolution

 Estart              ! To get a convolution spectra starting at lower energy
   -20

 End

