! Fdmnes indata file
! Calculation for the cu5o5 K-edge on UNCD
! Finite difference method calculation with convolution

 Filout
   XANES/out/cu5o5-uncd-1/fdm/cu5o5

 Range                        ! Energy range of calculation (eV)
 -1. 0.2  5. 0.5 40. 1. 90.   ! first energy, step, intermediary energy, step ..., last energy

 Radius                       ! Radius of the cluster where final state calculation is performed
   8.0                        ! For a good calculation, this radius must be increased up to 6 or 7 Angstroems


 Molecule                                           ! Periodic material description (unit cell)
     1.0  1.0  1.0  90. 90. 90.                     ! a, b, c, (Angstroem) alpha, beta, gamma (degree)

 29        0.59637        1.12275        4.44251       
 29        2.07730       -0.44352        5.76287       
 29        3.02580        1.32637        4.27215       
 29        1.34906       -1.21177        3.52343       
 29        3.65064       -1.13326        3.95429       
  6       -6.80925       -6.75296       -1.85361       
  6       -6.80925       -3.18617       -1.85361       
  6       -6.80925        0.38062       -1.85361       
  6       -6.80925        3.94741       -1.85361       
  6       -5.02585       -4.96956       -1.85361       
  6       -5.02585       -1.40277       -1.85361       
  6       -5.02585        2.16402       -1.85361       
  6       -5.02585        5.73081       -1.85361       
  6       -3.24246       -6.75296       -1.85361       
  6       -3.24246       -3.18617       -1.85361       
  6       -3.24246        0.38062       -1.85361       
  6       -3.24246        3.94741       -1.85361       
  6       -1.45906       -4.96956       -1.85361       
  6       -1.45906       -1.40277       -1.85361       
  6       -1.45906        2.16402       -1.85361       
  6       -1.45906        5.73081       -1.85361       
  6        0.32433       -6.75296       -1.85361       
  6        0.32433       -3.18617       -1.85361       
  6        0.32433        0.38062       -1.85361       
  6        0.32433        3.94741       -1.85361       
  6        2.10773       -4.96956       -1.85361       
  6        2.10773       -1.40277       -1.85361       
  6        2.10773        2.16402       -1.85361       
  6        2.10773        5.73081       -1.85361       
  6        3.89112       -6.75296       -1.85361       
  6        3.89112       -3.18617       -1.85361       
  6        3.89112        0.38062       -1.85361       
  6        3.89112        3.94741       -1.85361       
  6        5.67452       -4.96956       -1.85361       
  6        5.67452       -1.40277       -1.85361       
  6        5.67452        2.16402       -1.85361       
  6        5.67452        5.73081       -1.85361       
  6       -5.91755       -5.86126       -1.06367       
  6       -5.91755       -2.29447       -1.06367       
  6       -5.91755        1.27232       -1.06367       
  6       -5.91755        4.83911       -1.06367       
  6       -4.13416       -4.07787       -1.06367       
  6       -4.13416       -0.51108       -1.06367       
  6       -4.13416        3.05571       -1.06367       
  6       -4.13416        6.62250       -1.06367       
  6       -2.35076       -5.86126       -1.06367       
  6       -2.35076       -2.29447       -1.06367       
  6       -2.35076        1.27232       -1.06367       
  6       -2.35076        4.83911       -1.06367       
  6       -0.56737       -4.07787       -1.06367       
  6       -0.56737       -0.51108       -1.06367       
  6       -0.56737        3.05571       -1.06367       
  6       -0.56737        6.62250       -1.06367       
  6        1.21603       -5.86126       -1.06367       
  6        1.21603       -2.29447       -1.06367       
  6        1.21603        1.27232       -1.06367       
  6        1.21603        4.83911       -1.06367       
  6        2.99942       -4.07787       -1.06367       
  6        2.99942       -0.51108       -1.06367       
  6        2.99942        3.05571       -1.06367       
  6        2.99942        6.62250       -1.06367       
  6        4.78282       -5.86126       -1.06367       
  6        4.78282       -2.29447       -1.06367       
  6        4.78282        1.27232       -1.06367       
  6        4.78282        4.83911       -1.06367       
  6        6.56621       -4.07787       -1.06367       
  6        6.56621       -0.51108       -1.06367       
  6        6.56621        3.05571       -1.06367       
  6        6.56621        6.62250       -1.06367       
  6       -6.80767       -4.97202       -0.18783       
  6       -6.80562       -1.40539       -0.03887       
  6        7.41793        2.21377       -0.12319       
  6        7.40743        5.78320       -0.11302       
  6       -4.97706        7.46509       -0.11520       
  6       -5.02961       -3.18399       -0.03808       
  6       -5.02695        0.38228       -0.18737       
  6       -4.97269        3.89744       -0.11281       
  6       -3.29460       -4.92035       -0.11380       
  6       -3.24256       -1.40481       -0.18838       
  6       -3.23928        2.16173       -0.03687       
  6       -3.29071        5.77990       -0.11521       
  6       -1.40810        7.46205       -0.11242       
  6       -1.41645       -3.23707       -0.12071       
  6       -1.46584        0.38227       -0.03807       
  6       -1.46134        3.95002       -0.18882       
  6        0.27534       -4.92521       -0.11961       
  6        0.27166       -1.36075       -0.11566       
  6        0.33088        2.15569       -0.18112       
  6        0.32637        5.72790       -0.03659       
  6        2.10573       -6.75183       -0.18664       
  6        2.15406       -3.23196       -0.10531       
  6        2.15737        0.33683       -0.08861       
  6        2.10460        3.94848       -0.03482       
  6        3.89233       -4.97169       -0.03697       
  6        3.83753       -1.34420       -0.09842       
  6        3.84379        2.21208       -0.09812       
  6        3.89239        5.72901       -0.18722       
  6        5.67146       -6.75035       -0.03678       
  6        5.67334       -3.18559       -0.19087       
  6        5.73079        0.33344       -0.11358       
  6        5.72379        3.90559       -0.12252       
  6       -5.97532       -4.13952        0.78428       
  6       -5.85915       -0.45026        0.78543       
  6       -5.91337        3.05791        0.78480       
  6       -5.91749        6.62177        0.78682       
  6       -4.13347       -5.86189        0.78685       
  6       -4.07697       -2.23806        0.78249       
  6       -4.19297        1.21363        0.78537       
  6       -4.13418        4.83959        0.78703       
  6       -2.35501       -4.08158        0.78298       
  6       -2.41158       -0.57513        0.78481       
  6       -2.29276        3.11671        0.78320       
  6       -2.35028        6.62296        0.78740       
  6       -0.56851       -5.86320        0.78626       
  6       -0.58011       -2.30246        0.77892       
  6       -0.51739        1.32934        0.78066       
  6       -0.62816        4.78026        0.78261       
  6        1.21120       -4.08439        0.77961       
  6        1.20310       -0.51533        0.78622       
  6        1.15419        2.99763        0.78072       
  6        1.27460        6.68143        0.78619       
  6        2.93797       -5.91935        0.78639       
  6        2.98881       -2.28465        0.81608       
  6        3.00901        1.27737        0.83335       
  6        3.06237        4.89612        0.78574       
  6        4.84121       -4.01759        0.78173       
  6        4.80067       -0.50640        0.79428       
  6        4.79412        3.06783        0.77659       
  6        4.72455        6.56318        0.78470       
  6        6.62606       -5.80336        0.78476       
  6        6.50970       -2.35615        0.77728       
  6        6.58082        1.28234        0.77284       
  6        6.56831        4.84266        0.78401       
  6       -6.49411       -6.45199        1.59922       
  6        7.14302       -3.50283        1.59589       
  6       -6.50628        0.69982        1.59680       
  6       -6.50692        4.24977        1.59617       
  6       -5.32662       -5.28545        1.59911       
  6       -4.71075       -1.08802        1.59881       
  6       -5.33854        1.86406        1.59887       
  6       -5.32785        5.42852        1.59859       
  6       -2.93988       -6.45073        1.59882       
  6       -2.93171       -2.88910        1.59422       
  6       -3.55715        0.06322        1.59974       
  6       -2.94091        4.26306        1.59865       
  6       -1.76198       -5.27152        1.59708       
  6       -1.77151       -1.72965        1.59732       
  6       -1.14377        2.48348        1.59587       
  6       -1.77390        5.42914        1.59870       
  6        0.62543       -6.43836        1.60026       
  6        0.59771       -2.90924        1.58420       
  6        0.58331        0.64077        1.61187       
  6        0.00559        3.63288        1.59405       
  6        1.79057       -5.26984        1.59997       
  6        1.76372       -1.71479        1.61190       
  6        1.82552        1.89297        1.66923       
  6        2.42398        6.04307        1.60090       
  6        3.57448        7.19766        1.60015       
  6        4.19685       -2.87275        1.59998       
  6        4.26943        0.70741        1.66134       
  6        4.21396        4.25119        1.59987       
  6        5.98958       -4.65341        1.59756       
  6        5.37182       -1.70865        1.59104       
  6        5.41240        1.89788        1.56997       
  6        5.37412        5.41596        1.59815       
  1       -6.80925       -6.75296       -2.94207       
  1       -6.80925       -3.18617       -2.94207       
  1       -6.80925        0.38062       -2.94207       
  1       -6.80925        3.94741       -2.94207       
  1       -5.02585       -4.96956       -2.94207       
  1       -5.02585       -1.40277       -2.94207       
  1       -5.02585        2.16402       -2.94207       
  1       -5.02585        5.73081       -2.94207       
  1       -3.24246       -6.75296       -2.94207       
  1       -3.24246       -3.18617       -2.94207       
  1       -3.24246        0.38062       -2.94207       
  1       -3.24246        3.94741       -2.94207       
  1       -1.45906       -4.96956       -2.94207       
  1       -1.45906       -1.40277       -2.94207       
  1       -1.45906        2.16402       -2.94207       
  1       -1.45906        5.73081       -2.94207       
  1        0.32433       -6.75296       -2.94207       
  1        0.32433       -3.18617       -2.94207       
  1        0.32433        0.38062       -2.94207       
  1        0.32433        3.94741       -2.94207       
  1        2.10773       -4.96956       -2.94207       
  1        2.10773       -1.40277       -2.94207       
  1        2.10773        2.16402       -2.94207       
  1        2.10773        5.73081       -2.94207       
  1        3.89112       -6.75296       -2.94207       
  1        3.89112       -3.18617       -2.94207       
  1        3.89112        0.38062       -2.94207       
  1        3.89112        3.94741       -2.94207       
  1        5.67452       -4.96956       -2.94207       
  1        5.67452       -1.40277       -2.94207       
  1        5.67452        2.16402       -2.94207       
  1        5.67452        5.73081       -2.94207       
  1       -5.04878       -4.97639        2.61760       
  1       -5.04781        5.70848        2.62455       
  1       -6.78988        3.96773        2.62024       
  1        3.89044        3.95376        2.60457       
  1        3.92268       -3.18602        2.62060       
  1       -1.48507       -1.41577        2.60666       
  1       -5.03029        2.14174        2.61757       
  1       -3.24049       -3.16842        2.61248       
  1       -1.44112        2.17382        2.60749       
  1        2.11962        5.72837        2.60932       
  1       -5.01699       -1.39406        2.61050       
  1       -1.48112       -4.98830        2.62152       
  1       -6.79873        0.39647        2.61229       
  1        0.32678        3.91929        2.60294       
  1       -3.24322        0.36686        2.60905       
  1       -1.46278        5.70412        2.61707       
  1       -6.80297       -6.73011        2.61769       
  1        3.87975        7.50387        2.61189       
  1        5.69756       -1.43638        2.60628       
  1        5.68307        2.16897        2.59887       
  1       -3.21981       -6.73124        2.62457       
  1        5.65359        5.72550        2.61613       
  1        0.29602       -3.22561        2.59614       
  1        2.09446       -4.98144        2.61684       
  1        0.34826       -6.74605        2.61898       
  1        7.44595       -3.19265        2.60731       
  1       -3.21691        3.95313        2.61726       
  1        5.68190       -4.95604        2.60964       
  8        1.83163        1.40135        5.81523       
  8        2.07743        2.38232        2.91627       
  8        2.40797       -2.09639        4.94314       
  8        4.20077        0.40594        3.02490       
  8        0.11484        0.19398        2.85774       

! Convolution keyword : broadening with a width increasing versus energy as an arctangent

 Convolution

 Estart              ! To get a convolution spectra starting at lower energy
   -20

 End
