! Main indata file for fdmnes
! Calculation on Pd55 icosahedron using the multiple scattering approach with convolution.

 Filout
  Sim/XANES/out/pd55-Ih-kedge-8A/Pd55

 Range
   -2. 0.2  3. 0.5 10. 1. 20. 2. 60. 4. 80. 5. 120.

 Radius
   8.0

 Green
 Relativism

 Edge
  K

 Rmtg
  1.7


 Molecule
       1          1          1          90 90 90

 46     0.000000  0.000000  0.000000
 46     0.000000  0.000000  2.700000
 46     2.414950  0.000000  1.207480             
 46     0.746262  2.296760  1.207480    
 46    -1.953740  1.419470  1.207480
 46    -1.953740 -1.419470  1.207480
 46     0.746262 -2.296760  1.207480  
 46     1.953740 -1.419470 -1.207480   
 46     1.953740  1.419470 -1.207480     
 46    -0.746262  2.296760 -1.207480
 46    -2.414950  0.000000 -1.207480
 46    -0.746262 -2.296760 -1.207480   
 46     0.000000  0.000000 -2.700000
 46     0.000000  0.000000  5.400000
 46     4.829910  0.000000  2.414950
 46     1.492520  4.593510  2.414950
 46    -3.907480  2.838950  2.414950
 46    -3.907480 -2.838950  2.414950
 46     1.492520 -4.593510  2.414950
 46     3.907480 -2.838950 -2.414950
 46     3.907480  2.838950 -2.414950
 46    -1.492520  4.593510 -2.414950   
 46    -4.829910  0.000000 -2.414950
 46    -1.492520 -4.593510 -2.414950
 46     0.000000  0.000000 -5.400000
 46     2.414950  0.000000  3.907480
 46     0.746262  2.296760  3.907480
 46    -1.953740  1.419470  3.907480
 46    -1.953740 -1.419470  3.907480
 46     0.746262 -2.296760  3.907480
 46     3.161220  2.296760  2.414950
 46     3.161220 -2.296760  2.414950
 46     4.368690 -1.419470  0.000000
 46     4.368690  1.419470  0.000000
 46    -1.207480  3.716230  2.414950
 46     2.700000  3.716230  0.000000
 46     0.000000  4.593510  0.000000
 46    -3.907480  0.000000  2.414950
 46    -2.700000  3.716230  0.000000
 46    -4.368690  1.419470  0.000000
 46    -1.207480 -3.716230  2.414950
 46    -4.368690 -1.419470  0.000000
 46    -2.700000 -3.716230  0.000000
 46     2.700000 -3.716230  0.000000
 46     0.000000 -4.593510  0.000000
 46     3.907480  0.000000 -2.414950
 46     1.207480 -3.716230 -2.414950
 46     1.953740 -1.419470 -3.907480
 46     1.207480  3.716230 -2.414950
 46     1.953740  1.419470 -3.907480
 46    -3.161220  2.296760 -2.414950
 46    -0.746262  2.296760 -3.907480
 46    -3.161220 -2.296760 -2.414950
 46    -2.414950  0.000000 -3.907480
 46    -0.746262 -2.296760 -3.907480

! keywords for the convolution
 Convolution

 Estart
   -20
 
 End

